Checkpoint version: 1
1
110860 
1 
1.1086000000010596e-07 
1.1085900000010596e-07 
1.0000000000000002e-12 
1.7976931348623157e+308
1
0 
0.016 
(56 0
((0) (3) (0))
((4) (7) (0))
((8) (11) (0))
((12) (15) (0))
((16) (19) (0))
((20) (23) (0))
((24) (27) (0))
((28) (31) (0))
((32) (35) (0))
((36) (39) (0))
((40) (43) (0))
((44) (47) (0))
((48) (51) (0))
((52) (55) (0))
((56) (59) (0))
((60) (63) (0))
((64) (67) (0))
((68) (71) (0))
((72) (75) (0))
((76) (79) (0))
((80) (83) (0))
((84) (87) (0))
((88) (91) (0))
((92) (95) (0))
((96) (99) (0))
((100) (103) (0))
((104) (107) (0))
((108) (111) (0))
((112) (115) (0))
((116) (119) (0))
((120) (123) (0))
((124) (127) (0))
((128) (131) (0))
((132) (135) (0))
((136) (139) (0))
((140) (143) (0))
((144) (147) (0))
((148) (151) (0))
((152) (155) (0))
((156) (159) (0))
((160) (163) (0))
((164) (167) (0))
((168) (171) (0))
((172) (175) (0))
((176) (179) (0))
((180) (183) (0))
((184) (187) (0))
((188) (191) (0))
((192) (195) (0))
((196) (199) (0))
((200) (203) (0))
((204) (207) (0))
((208) (211) (0))
((212) (215) (0))
((216) (219) (0))
((220) (223) (0))
)
-1.6021766339999999e-19 9.1093837138999998e-31
1.6021766339999999e-19 3.343580800340382e-27
0
0
0
1.1085900000010596e-07
