Version_Two_Dot_One_double
1
5
weight
momentum_x
momentum_y
momentum_z
theta
0
1
84000
4001
0
56
0 290 0
1 865 0
2 1519 0
3 2155 0
4 2905 0
5 3585 0
6 4207 0
7 4856 0
8 5627 0
9 6433 0
10 7325 0
11 8175 0
12 9186 0
13 9962 0
14 10173 0
15 6674 0
16 63 0
17 0 0
18 0 0
19 0 0
20 0 0
21 0 0
22 0 0
23 0 0
24 0 0
25 0 0
26 0 0
27 0 0
28 0 0
29 0 0
30 0 0
31 0 0
32 0 0
33 0 0
34 0 0
35 0 0
36 0 0
37 0 0
38 0 0
39 0 0
40 0 0
41 0 0
42 0 0
43 0 0
44 0 0
45 0 0
46 0 0
47 0 0
48 0 0
49 0 0
50 0 0
51 0 0
52 0 0
53 0 0
54 0 0
55 0 0
